<?xml version="1.0" encoding="UTF-8" standalone="no"?>
<!DOCTYPE svg PUBLIC "-//W3C//DTD SVG 20010904//EN"
              "http://www.w3.org/TR/2001/REC-SVG-20010904/DTD/svg10.dtd">

<svg xmlns="http://www.w3.org/2000/svg"
     width="5.68889in" height="5.68889in"
     viewBox="0 0 512 512">
  <path id="Imported Path"
        fill="none" stroke="black" stroke-width="1"
        d="M 297.05,397.87 C 297.05,397.87 297.05,453.98 297.05,453.98 306.14,458.65 316.89,462.16 329.30,464.49 344.05,493.49 372.05,477.89 329.30,490.62 328.01,528.82 325.44,502.69 326.73,513.26 319.92,544.99 314.01,522.35 320.82,529.54 307.21,551.13 297.68,534.84 311.30,537.50 290.00,545.45 275.97,537.50 301.13,535.98 282.05,531.44 274.39,532.95 293.47,528.58 279.01,515.47 273.05,522.87 287.51,516.02 276.21,495.49 271.47,508.04 282.78,499.04 273.58,472.03 269.37,491.70 279.74,485.12 273.75,465.36 270.89,479.29 276.88,474.34 271.09,459.48 268.11,470.26 273.90,467.11 267.76,457.67 264.43,464.90 270.57,463.79 263.47,460.47 259.26,463.79 265.72,453.48 255.29,453.48 259.26,453.48 259.26,453.48 259.26,453.48 264.04,447.73 267.65,445.51 264.04,443.29 275.69,441.56 280.93,440.33 286.18,439.11 292.00,438.49 298.41,438.49 303.08,438.49 308.35,454.32 304.30,450.68 323.19,457.38 317.94,465.97 309.82,457.85 319.34,462.64 323.54,465.56 323.54,465.56 323.54,465.56 323.54,413.14 323.54,413.14 315.03,409.87 305.74,407.44 295.66,405.87 285.58,404.29 274.02,403.50 260.96,403.50 247.68,403.50 233.66,365.74 265.26,388.75 242.91,396.08 233.88,402.16 256.23,394.83 240.06,408.65 234.81,418.06 250.98,404.24 243.12,424.90 243.12,437.99 250.98,420.95 255.79,451.92 265.40,463.73 260.60,432.76 284.81,454.55 304.38,462.74 271.44,447.61 277.70,469.11 280.74,457.30 283.83,453.81 301.04,463.28 280.74,463.28 280.74,463.28 280.74,463.28 289.39,470.11 292.18,473.97 298.84,478.17 300.42,478.17 305.33,473.97 308.96,473.10 312.32,471.35 315.41,471.35 318.51,471.35 311.01,477.13 307.46,479.41 301.62,471.43 311.52,466.13 312.81,472.83 299.37,452.28 300.69,472.83 288.68,470.70 252.68,464.30 276.80,466.43 265.79,460.03 232.75,440.84 276.80,440.84 276.80,440.84 276.80,440.84 297.05,397.87 297.05,397.87 Z M 182.56,301.18 C 182.56,301.18 255.75,301.18 255.75,301.18 255.75,301.18 255.75,254.96 255.75,254.96 255.75,254.96 51.75,254.96 51.75,254.96 51.75,254.96 51.75,301.18 51.75,301.18 51.75,301.18 124.58,301.18 124.58,301.18 124.58,301.18 124.58,506.96 124.58,506.96 124.58,506.96 182.56,506.96 182.56,506.96 182.56,506.96 182.56,301.18 182.56,301.18 Z M 488.00,0.00 C 501.25,-0.00 512.00,10.75 512.00,24.00 512.00,24.00 512.00,488.00 512.00,488.00 512.00,501.25 501.25,512.00 488.00,512.00 488.00,512.00 24.00,512.00 24.00,512.00 10.75,512.00 0.00,501.25 0.00,488.00 0.00,488.00 0.00,24.00 0.00,24.00 0.00,10.75 10.75,0.00 24.00,0.00 24.00,0.00 488.00,0.00 488.00,0.00 Z" />
</svg>
